err2:13.0686893951243,
err2X:-0.221003358864909,
err2Y:12.3358726197942,
err2Z:-4.30906564464004,
t2:84.234505381372,
l2:83.6130923966268,
xg2:19.7762830402718,
yg2:-30.7770913426427,
zg2:-142.412764954962