err1:4.91954108541475,
err1X:0.126240061979384,
err1Y:-4.73522236883854,
err1Z:-1.32801244553141,
t1:81.4658420548276,
l1:85.0213271657063,
xg1:-20.6614444009085,
yg1:-42.6231255406891,
zg1:-150.374100086591