FactX:-20.6432950485772,
FactY:-41.1361593538836,
FactZ:-143.880163220451,
GoalX:-20.6409444787498,
GoalY:-41.2185892098639,
GoalZ:-143.88719201831,
VectorInX:-20.6409444787498,
VectorInY:-41.2185892098639,
VectorInZ:-143.88719201831,
errX:0.00235056982731052,
errY:-0.0824298559803154,
errZ:-0.00702879785845312,
errNewC:0.285449820846003,
errNewD:0.419724750890574