FactX:-20.5940052856776,
FactY:-41.9847960767942,
FactZ:-141.314253576256,
GoalX:-20.4677652236983,
GoalY:-46.7200184456328,
GoalZ:-142.642266021788,
VectorInX:-20.4677652236983,
VectorInY:-46.7200184456328,
VectorInZ:-142.642266021788,
errX:0.126240061979384,
errY:-4.73522236883854,
errZ:-1.32801244553141,
errNewC:15.6745236066554,
errNewD:27.6716584942114