err1:0.0865648228058233,
err1X:0.00258486588813511,
err1Y:-0.0863500333621232,
err1Z:0.00551894501731454,
t1:80.9297154868388,
l1:83.4199827161944,
xg1:-20.5900712575398,
yg1:-42.1169523959844,
zg1:-141.308124229808