FactX:19.9972863991368,
FactY:-43.1129639624369,
FactZ:-138.103699310322,
GoalX:19.9984556600589,
GoalY:-43.1776407975424,
GoalZ:-138.102895331713,
VectorInX:19.9984556600589,
VectorInY:-43.1776407975424,
VectorInZ:-138.102895331713,
errX:0.00116926092216829,
errY:-0.0646768351054234,
errZ:0.000803978609354772,
errNewC:0.288048068324675,
errNewD:0.420845367400135