FactX:19.9972863991368,
FactY:-43.1129639624369,
FactZ:-138.103699310322,
GoalX:19.7762830402718,
GoalY:-30.7770913426427,
GoalZ:-142.412764954962,
VectorInX:19.7762830402718,
VectorInY:-30.7770913426427,
VectorInZ:-142.412764954962,
errX:-0.221003358864909,
errY:12.3358726197942,
errZ:-4.30906564464004,
errNewC:8.28383872652583,
errNewD:19.2140774259236