FactX:19.9279830085795,
FactY:-39.2175005307036,
FactZ:-140.468393972996,
GoalX:19.9292808458747,
GoalY:-39.289748001142,
GoalZ:-140.450364582324,
VectorInX:19.9292808458747,
VectorInY:-39.289748001142,
VectorInZ:-140.450364582324,
errX:0.00129783729518707,
errY:-0.0722474704383771,
errZ:0.0180293906718703,
errNewC:0.285449820846003,
errNewD:0.419724750890574