err2:12.4898774462357,
err2X:-0.100785950511504,
err2Y:5.86804121184817,
err2Z:-11.0251064915591,
t2:89.4383825684102,
l2:90.1820030712767,
xg2:19.8965004486253,
yg2:-37.2449227505888,
zg2:-149.128805801881