FactX:19.9972863991368,
FactY:-43.1129639624369,
FactZ:-138.103699310322,
GoalX:19.8965004486253,
GoalY:-37.2449227505888,
GoalZ:-149.128805801881,
VectorInX:19.8965004486253,
VectorInY:-37.2449227505888,
VectorInZ:-149.128805801881,
errX:-0.100785950511504,
errY:5.86804121184817,
errZ:-11.0251064915591,
errNewC:15.6745236066554,
errNewD:27.6716584942114