err2:0.0646923994914591,
err2X:0.00116926092216829,
err2Y:-0.0646768351054234,
err2Z:0.000803978609354772,
t2:77.2008573042017,
l2:80.0106436224134,
xg2:19.9984556600589,
yg2:-43.1776407975424,
zg2:-138.102895331713