FactX:-20.5940052856776,
FactY:-41.9847960767942,
FactZ:-141.314253576256,
GoalX:-20.5914204197895,
GoalY:-42.0711461101563,
GoalZ:-141.308734631239,
VectorInX:-20.5914204197895,
VectorInY:-42.0711461101563,
VectorInZ:-141.308734631239,
errX:0.00258486588813511,
errY:-0.0863500333621232,
errZ:0.00551894501731454,
errNewC:0.288048068324675,
errNewD:0.420845367400135