err1:2.74458920953338,
err1X:0.0526775980240579,
err1Y:-2.28765074998151,
err1Z:-1.51546990925669,
t1:82.0554004995935,
l1:84.9701456153328,
xg1:-20.8212823422747,
yg1:-35.702396999708,
zg1:-145.839335606772