err1:0.0827623726990931,
err1X:0.00235056982731052,
err1Y:-0.0824298559803154,
err1Z:-0.00702879785845312,
t1:83.6578058063655,
l1:85.6990655372281,
xg1:-20.6393103527545,
yg1:-41.2701181699475,
zg1:-143.874264577768