err2:0.0744744271168827,
err2X:0.00129783729518707,
err2Y:-0.0722474704383771,
err2Z:0.0180293906718703,
t2:80.3322417222383,
l2:81.9887193359707,
xg2:19.9292808458747,
yg2:-39.289748001142,
zg2:-140.450364582324