FactX:-20.5940052856776,
FactY:-41.9847960767942,
FactZ:-141.314253576256,
GoalX:-20.5413276876536,
GoalY:-44.2724468267757,
GoalZ:-142.829723485513,
VectorInX:-20.5413276876536,
VectorInY:-44.2724468267757,
VectorInZ:-142.829723485513,
errX:0.0526775980240579,
errY:-2.28765074998151,
errZ:-1.51546990925669,
errNewC:8.28383872652583,
errNewD:19.2140774259236