Object1:-0.775795541782119
Object2:0.396701995830788
Object3:0.490681978326959
Object4:64.1963833988312
Object5:-0.416499140560543
Object6:0.262214444235729
Object7:-0.870501034546472
Object8:-18.716767467244
Object9:-0.473993400020842
Object10:-0.8796994439796
Object11:-0.0381987565067792
Object12:-123.551826824161
Object13:0
Object14:0
Object15:0
Object16:1



/************************************************/
1,2,3,4为第一行第1，2，3，4列的；以此类推
/************************************************/
